报告期,营业总收入*,营业总成本*,营业利润*,利润总额*,营业成本,净利润*,持续经营净利润,销售费用,管理费用,研发费用,财务费用,其中：利息费用,减：利息收入,减：所得税,综合收益总额*,基本每股收益,稀释每股收益,货币资金,应收票据及应收账款,预付款项,交易性金融资产,其他应收款,存货,其他流动资产,流动资产总计*,长期应收款,债权投资,其他债权投资,长期股权投资,投资性房地产,固定资产,在建工程,无形资产,开发支出,商誉,非流动资产合计*,资产总计*,短期借款,流动负债合计*,长期借款,应付债券,长期应付款,非流动负债合计*,负债合计*,归属于母公司所有者权益合计*,少数股东权益,所有者权益合计*,经营活动产生的现金流量净额*,购建固定资产、无形资产和其他长期资产支付的现金,处置固定资产、无形资产和其他长期资产收回的现金净额,投资活动产生的现金流量净额*,偿还债务支付的现金,筹资活动产生的现金流量净额*,息税前利润EBIT,毛利率,营业利润率,净利率,息税前利润率,净资产收益率,总资产报酬率,流动比率,速动比率,现金比率,资产负债率,权益乘数,利息保障倍数,自由现金流量,现金流量比率,债务保障倍数率,自由现金流与经营活动净现金流比率,存货_期初,存货_同期,应收票据及应收账款_期初,应收票据及应收账款_同期,固定资产_期初,固定资产_同期,资产总计*_期初,资产总计*_同期,所有者权益合计*_期初,所有者权益合计*_同期,负债合计*_期初,负债合计*_同期,存货周转率,应收账款周转率,固定资产周转率,总资产周转率,营业总收入*_同期,净利润*_同期,营业收入增长率,净利润增长率,净资产增长率,总资产增长率,固定资产增长率,存货增长率,经营性资产,经营性负债,经营性净资产,经营性净资产_期初,经营性净资产_同期,资产收益率ROA,权益收益率ROE,投资资本收益率ROIC,经营性资产周转率
2022-09-30,2365544225.45,2291976751.11,64244546.53,63963448.27,2139617271.81,63524599.86,63524599.86,16461620.58,61845630.96,73128199.77,-4407572.98,4178749.21,5485245.06,438848.41,63524599.86,0.53,0.53,611115259.85,660264102.57,158502108.93,0.0,3722036.83,300981315.83,712291.59,1981096844.66,0.0,0.0,0.0,0.0,0.0,381610663.32,78373812.12,36380577.24,0.0,769559.75,527608530.68,2508705375.34,109095970.78,1102845061.31,0.0,0.0,0.0,9203938.53,1112048999.84,1396656375.5,0.0,1396656375.5,-103035159.09,42181183.37,47943.36,-42133240.01,25000000.0,3596979.04,68142197.48,0.09550738946638022,0.027158463510771478,0.02685411634944836,0.028806139723317685,0.04548334219808242,0.025321666100942854,1.796351014445112,1.522791637879888,0.5541261245927827,0.44327604619146876,1.815421368121277,16.306840649094614,-145168399.1,-0.04355664036270534,-0.09342668585522888,1.4089209972801333,306382628.95,316227522.66,509927732.59,710288193.58,413865503.84,409356177.03,2564694617.4,2499381482.33,1367115627.4,1341131020.47,1197578990.0,1158250461.86,7.045585402949839,4.043002445195765,5.947492390363973,0.9325281778827127,2268776669.68,90477192.96,0.042651864797097275,-0.29789378094340024,0.041401887050931896,0.0037304801511565213,-0.06777841710195234,-0.04821277636353109,1897590115.4900002,1002953029.06,894637086.4300003,623073943.9300001,707011407.6200001,0.025042220188001445,0.04596949371608384,0.09944065840749919,3.1172524652323226
2022-06-30,1628134530.91,1578275479.48,41576169.67,41477324.93,1481733487.46,42830074.19,42830074.19,9668452.16,35601858.9,49763602.45,-2244644.55,2682039.14,3738692.45,-1352749.26,42830074.19,0.38,0.38,719987212.46,658544166.73,161902953.97,0.0,3863260.69,341766544.65,11018454.53,2168111177.77,0.0,0.0,0.0,0.0,0.0,388455665.49,63833322.13,36902770.32,0.0,769559.75,522036143.49,2690147321.26,109101089.22,1302187100.47,0.0,0.0,0.0,12709745.39,1314896845.86,1375250475.4,0.0,1375250475.4,-79605361.48,22176958.92,0.0,-22176958.92,25000000.0,4798565.31,44159364.07,0.08991950030577221,0.02553607756649088,0.026306225546399616,0.0271226752038226,0.03114347164835017,0.015921088726820888,1.6649766972714297,1.3940594081563178,0.5529061163331553,0.48878246758773564,1.961916987314944,16.464846993247086,-101782320.4,-0.04889360183000776,-0.0611320458106734,1.2785862473041056,306382628.95,281341712.58,509927732.59,498636364.68,413865503.84,405877795.96,2564694617.4,2302701025.03,1367115627.4,1307939348.78,1197578990.0,994761676.25,4.572198956083033,2.786775671468871,4.058560569378016,0.6196702203093017,1307492635.88,55791832.94,0.24523418811777387,-0.23232358692963925,0.05146349231161643,0.16825731695887539,-0.04292457149273806,0.21477381194520911,1970160108.8000002,1205795756.6400003,764364352.1599998,623073943.9300001,679379020.1700001,0.01630118457984363,0.031235854429698354,0.0773611373986911,2.346964957646501
2022-03-31,820921015.08,788765996.03,20637926.09,20600196.38,739618345.05,21013290.29,21013290.29,3937487.85,18319768.58,25265409.57,-216090.04,1339206.21,2086110.87,-413093.91,21013290.29,0.2,0.2,670573058.34,741504037.66,133311730.49,0.0,3323701.05,352572208.94,9668037.73,2120474132.27,0.0,0.0,0.0,0.0,0.0,401809776.32,60071020.32,37433476.67,0.0,769559.75,524725937.8,2645200070.07,93092654.17,1251324581.42,0.0,0.0,0.0,6100679.11,1257425260.53,1387774809.54,0.0,1387774809.54,-171794431.07,16967422.41,0.0,-16967422.41,0.0,24681077.77,21939402.59,0.0990383587903119,0.025139965612877874,0.025597213256810365,0.026725351388235532,0.01514171474042333,0.007943932305069054,1.6945836146395294,1.4050981749313678,0.5358905821054322,0.4753611172015146,1.920366802687196,16.38239311181211,-188761853.48,-0.2092703535592378,-0.13729006336233568,1.0987658465080652,306382628.95,256302033.23,509927732.59,391352439.9,413865503.84,412358521.4,2564694617.4,2119916808.64,1367115627.4,1316071968.87,1197578990.0,803844839.77,2.2448225660450047,1.311970871437927,2.0128623118723694,0.31513919736394946,539819426.5,25102437.29,0.5207326279503578,-0.16289840515323126,0.05448246172400835,0.24778484669263387,-0.0255814892443253,0.37561222007009676,1974627011.73,1164332606.3600001,810294405.3699999,623073943.9300001,782259533.78,0.008066685240505064,0.015255263881448987,0.03441480578920253,1.1454432009481794
2021-12-31,3191417631.67,3062516354.6,123100637.57,122767940.57,2849105672.02,117757909.75,117757909.75,15443196.95,79948223.9,113126408.42,-2295109.38,2427101.46,6594176.85,5010030.82,117757909.75,1.1,1.1,808107581.47,509927732.59,91561652.82,0.0,3130266.17,306382628.95,8166938.21,2031278917.21,0.0,0.0,0.0,0.0,0.0,413865503.84,56766226.71,37936472.39,0.0,769559.75,533415700.19,2564694617.4,64065898.0,1191289180.17,0.0,0.0,0.0,6289809.83,1197578990.0,1367115627.4,0.0,1367115627.4,256956040.76,127986298.35,79283.19,-106640049.41,85000000.0,-207100113.83,125195042.02999999,0.10726015807303653,0.03857240003577472,0.0368983076929295,0.03922866151632061,0.0861360278456868,0.04591498299683685,1.7051098515980236,1.441068531995748,0.6783471174939077,0.46694798744267835,1.9295354171916508,51.58212134650522,129049025.6,0.08051470237241888,0.21569577314832297,0.502222190294928,176832471.06,176832471.06,301358150.04,301358150.04,426339946.17,426339946.17,2013587523.71,2013587523.71,1291238911.78,1291238911.78,722348611.93,722348611.93,11.792287418009241,7.867553719347777,7.596755368897015,1.3941550709656543,1497717810.42,124220223.59,1.130853762615697,-0.05202304144395562,0.05876272386757806,0.27369413407697063,-0.029259379614937485,0.7326152098278549,1756587035.93,1133513092.0,623073943.9300001,654564512.73,654564512.73,0.05144196278014867,0.08859458587214915,0.2584300311064616,4.99580709242738
2021-09-30,2268776669.68,2159926030.39,97237519.99,97119910.69,2008006260.86,90477192.96,90477192.96,13244673.0,58839957.61,78847281.35,-2204543.87,1483144.59,4827174.18,6642717.73,90477192.96,0.85,0.85,683170470.04,710288193.58,75371354.91,0.0,3447681.73,316227522.66,8396883.5,1995585684.91,0.0,0.0,0.0,0.0,0.0,409356177.03,45020314.0,38541701.83,0.0,769559.75,503795797.42,2499381482.33,49050857.19,1156882895.46,0.0,0.0,0.0,1367566.4,1158250461.86,1341131020.47,0.0,1341131020.47,130508945.51,114472896.17,15982.3,-93189948.12,85000000.0,-213181129.86,98603055.28,0.11493877396790243,0.04285900912570424,0.039879285682517786,0.043460890883503085,0.06746335114095878,0.03619983327861355,1.7249677497535434,1.4443650997930884,0.5905269001045759,0.46341483685005275,1.8989591483395123,66.48242925526229,16052031.64,0.05752392787449091,0.11281085235347611,0.12299564276818131,176832471.06,149778128.14,301358150.04,357589629.24,426339946.17,377192396.02,2013587523.71,1835255732.91,1291238911.78,1238596531.61,722348611.93,596659201.3,8.145078840041972,4.485315810190304,5.429669006941253,1.005447485521637,943056372.31,70261138.81,1.4057699372972492,0.2877273908791629,0.08278279992171449,0.3618709575514881,0.08527155199675489,1.1113064142744338,1816211012.29,1109199604.6699998,707011407.6200001,654564512.73,665035028.1299999,0.040096527513886523,0.06874200457278833,0.16292581500135098,3.332574608247771
2021-06-30,1307492635.88,1241510976.45,61503268.18,61443158.3,1149310331.78,55791832.94,55791832.94,8031378.05,36950942.09,46937571.89,-1428354.17,878350.68,3111995.8,5651325.36,55791832.94,0.52,0.52,679607314.74,498636364.68,106092111.33,0.0,3418835.97,281341712.58,17199271.72,1808006326.42,0.0,0.0,0.0,0.0,0.0,405877795.96,36594557.17,39168007.15,0.0,769559.75,494694698.61,2302701025.03,51046986.13,993127407.9,0.0,0.0,0.0,1634268.35,994761676.25,1307939348.78,0.0,1307939348.78,95616587.95,85716990.32,14654.87,-64435369.7,54000000.0,-171180765.93,62321508.98,0.12098141110640863,0.0470390933701937,0.04267085825875389,0.04766490247805861,0.04265628447683042,0.024228865290609372,1.8205180040726978,1.519911070938837,0.6843103003038167,0.4319977563031831,1.7718684862606362,70.95287838793497,9914252.500000015,0.07312973345019709,0.09627826922245995,0.10368757882454865,176832471.06,98109089.86,301358150.04,193839554.59,426339946.17,74099260.82,2013587523.71,1539862478.71,1291238911.78,1210795704.25,722348611.93,329066774.46,5.016914408617334,3.268754002238692,3.142188803938664,0.6058411624318676,478966969.23,41703644.27,1.7298179621487466,0.33781672840842103,0.0802312431312873,0.4953939438533877,4.477487784202704,1.867641652587643,1623093710.2900002,943714690.1200001,679379020.1700001,654564512.73,660351484.0799999,0.025851762369448916,0.0429303628662849,0.10692793007948818,1.9603418040304965
2021-03-31,539819426.5,510249841.88,27550499.23,27540538.48,468388231.71,25102437.29,25102437.29,3916197.7,17404401.97,20896913.62,-1011197.46,414863.01,1672728.74,2438101.19,25102437.29,0.24,0.24,578857796.05,391352439.9,109504139.95,2004364.32,3315205.5,256302033.23,25993005.72,1635428218.12,0.0,0.0,0.0,0.0,0.0,412358521.4,23476835.08,39794312.47,0.0,769559.75,484488590.52,2119916808.64,45045360.96,801942778.39,0.0,0.0,0.0,1902061.38,803844839.77,1316071968.87,0.0,1316071968.87,-62186094.72,59534156.37,14654.87,-40266497.39,25000000.0,-54991217.16,27955401.490000002,0.13232423896474949,0.05103650939097873,0.04650154488280536,0.05178657921085395,0.01907375727450023,0.011841236971041369,2.039332808013217,1.6873188656759068,0.7243187120359799,0.3791869739858774,1.626132751850065,67.3846566605203,-121705596.22,-0.11519795632993952,-0.07754430415203231,1.957119140026293,176832471.06,96382352.28,301358150.04,271764716.93,426339946.17,77631241.09,2013587523.71,1565045565.9,1291238911.78,1226380341.13,722348611.93,338665224.77,2.1627842024628743,1.5585713120013283,1.287278914587847,0.2611921425968842,211489155.83,17723448.79,1.5524685858310372,0.41634044183112967,0.07313524583846226,0.3545399922084147,4.311760002934148,1.6592216019527926,1541059012.5900002,758799478.8100002,782259533.78,654564512.73,726909136.5600001,0.01214583814200511,0.019255423261028227,0.03937451790698515,0.751406447868414
2020-12-31,1497717810.42,1360348076.46,140694537.35,139303891.72,1215004820.82,124220223.59,124220223.59,12787295.88,65921421.33,68777622.36,-5216560.81,1797606.17,7801308.24,15083668.13,124220223.59,1.16,1.16,681719551.16,301358150.04,62152740.07,21082487.64,3248819.58,176832471.06,14350896.34,1531539095.68,0.0,0.0,0.0,0.0,0.0,426339946.17,4255707.76,40420617.79,0.0,769559.75,482048428.03,2013587523.71,45045152.11,720160317.77,0.0,0.0,0.0,2188294.16,722348611.93,1291238911.78,0.0,1291238911.78,161823355.79,157566699.71,2770794.12,-30213685.39,43500000.0,-131717516.39,141101497.89,0.18876252097230511,0.09393928306864795,0.08293967176311093,0.0942110035070167,0.09620235454239821,0.061690997847029964,2.1266641022688684,1.861190758788898,0.9758966461471378,0.35873713132622376,1.6114479156718065,78.49411080403668,7027450.199999988,0.10804662578234307,0.22470462728506246,0.04342667450994892,90069684.95,90069684.95,289381715.69,289381715.69,84281882.25,84281882.25,1708946094.01,1708946094.01,1207864539.38,1207864539.38,501081554.63,501081554.63,9.104496111859639,5.070650881396713,5.866250626434589,0.804676580106928,1439978422.27,132155389.38,0.040097398167244065,-0.06004420876989884,0.0690262605463988,0.17826274963721436,4.05850053164896,0.9632851070608746,1331867972.5500002,677303459.8200002,654564512.73,661291193.71,661291193.71,0.06673961142953123,0.09941182989631034,0.2341982150066233,2.276416484102229
2020-09-30,943056372.31,861724819.89,80382523.58,79438268.35,745303012.48,70261138.81,70261138.81,31073978.7,44660822.29,42562314.28,-4257240.77,1419619.87,6045872.72,9177129.54,70261138.81,0.66,0.66,618626162.34,357589629.24,91780822.94,20565591.07,3210555.96,149778128.14,20885903.66,1388581719.25,0.0,0.0,0.0,0.0,0.0,377192396.02,22519975.1,37521285.65,0.0,769559.75,446674013.66,1835255732.91,45064658.86,594208429.33,0.0,0.0,0.0,2450771.97,596659201.3,1238596531.61,0.0,1238596531.61,56857663.35,116308250.73,7061.95,11135957.44,43500000.0,-45471128.27,80857888.22,0.20969410274553,0.08523618093275212,0.0745036467309972,0.08574024903934431,0.056726413337094106,0.03828411351620912,2.336859678708523,2.0496472741446357,1.0757029383287628,0.3251095695279105,1.5003351205317437,56.95742214428148,-59443525.43,0.0602908426467955,0.09568639646211327,-1.04547956999362,90069684.95,88377799.45,289381715.69,531169360.3,84281882.25,87675023.57,1708946094.01,1676943301.02,1207864539.38,1178495641.74,501081554.63,498447659.28,6.214799316934644,2.9152956454726295,4.087145987184297,0.532168549289158,1061490884.85,101690116.74,-0.1115737442782998,-0.30906619972083627,0.05099797380774647,0.09440535752980238,3.302164751844617,0.6947483312790267,1216629570.5700002,551594542.4400003,665035028.1299999,661291193.71,620309247.26,0.0396484975975867,0.05743900006679256,0.13560771111884604,1.4220579474055888
2020-06-30,478966969.23,436700517.05,48289024.72,47460769.49,371191849.63,41703644.27,41703644.27,15465536.84,27571856.12,23484286.42,-2449765.28,964134.26,3513333.18,5757125.22,41703644.27,0.39,0.39,604000446.2,193839554.59,60373174.49,14022691.07,3205955.02,98109089.86,14048962.37,1121892255.1,0.0,0.0,0.0,0.0,0.0,74099260.82,298534772.84,37567569.83,0.0,769559.75,417970223.61,1539862478.71,53556226.03,327077146.37,0.0,0.0,0.0,1989628.09,329066774.46,1210795704.25,0.0,1210795704.25,-15199910.65,74256288.6,7061.95,59634389.43,35000000.0,60770064.18,48424903.75,0.2250157662714449,0.10081911242779583,0.0870699796627811,0.10110280428700366,0.03444317164622944,0.027082706960258357,3.4300539415581177,3.087143856048434,1.8895332313156261,0.21369880688025558,1.2733185512645024,50.22630743357258,-89449137.3,-0.031734778442938934,-0.046471943450324044,5.884846257303493,90069684.95,90827678.62,289381715.69,470807685.96,84281882.25,91351786.58,1708946094.01,1583864945.24,1207864539.38,1144121042.11,501081554.63,439743903.13,3.9450979527822336,1.9823919131393581,6.048282768338275,0.294856996655235,655404235.62,65892466.61,-0.26920373229369454,-0.36709541446015687,0.05827588138492585,-0.027781703649822468,-0.18885811001508282,0.08016731629202563,935862032.51,275510548.43000007,660351484.0799999,661291193.71,550360824.18,0.02567319270220003,0.03448491319095723,0.15816783282392874,0.7248055427975588
2020-03-31,211489155.83,195094689.45,20777903.66,19955409.69,164690886.48,17723448.79,17723448.79,9846578.48,10783723.62,10477216.49,-1163925.71,473531.48,1625083.43,2231960.9,17723448.79,0.17,0.17,553027430.6,271764716.93,30563508.55,78232247.26,1156989.74,96382352.28,22426646.32,1182345712.24,0.0,0.0,0.0,0.0,0.0,77631241.09,259364381.59,37732184.88,0.0,769559.75,382699853.66,1565045565.9,53556226.03,336395880.3,0.0,0.0,0.0,2269344.47,338665224.77,1226380341.13,0.0,1226380341.13,-69599194.92,46351701.0,7061.95,22885338.35,15000000.0,71089771.37,20428941.17,0.22127975860671353,0.09824571656384014,0.08380310905513533,0.0965956911115635,0.01445183699998764,0.011324557684560383,3.514744922516817,3.1615628368918522,1.8765380756061536,0.21639320422932612,1.2858571283691937,43.141674910398784,-115943833.97,-0.3290910810384315,-0.2068966922482255,1.6658789531009706,90069684.95,91849367.71,289381715.69,464107208.45,84281882.25,94962562.14,1708946094.01,1505672139.15,1207864539.38,1142234542.93,501081554.63,363437596.22,1.7665764228346155,0.753775284082461,2.612378187355397,0.12919346033753412,307621946.65,26323691.6,-0.31250303129176943,-0.3267111217030062,0.07366770574470079,0.03943317087843452,-0.18250688123230113,0.049352376429113776,1012018135.3000001,285108998.74,726909136.5600001,661291193.71,593726422.61,0.010826813645876671,0.0145617632243201,0.049507825185866876,0.30469544087900646
2019-12-31,1439978422.27,1294927785.82,152255707.76,151887074.51,1123735520.41,132155389.38,132155389.38,46038148.52,63443444.14,63240926.37,-5087353.73,2304938.12,7742637.4,19731685.13,132155389.38,1.24,1.24,590125188.14,289381715.69,45295707.84,146844954.79,851857.74,90069684.95,16041719.67,1383429990.33,0.0,0.0,0.0,0.0,0.0,84281882.25,194563538.86,38032459.35,0.0,769559.75,325516103.68,1708946094.01,43551842.47,498467993.6,0.0,0.0,0.0,2613561.03,501081554.63,1207864539.38,0.0,1207864539.38,89401787.37,139479468.66,29275.86,-181004983.88,68500000.0,-89720308.01,154192012.63,0.21961641714149482,0.10573471477439376,0.09177595117826043,0.10707939108346483,0.10941242587338121,0.07733151434279628,2.7753637306553838,2.562488669503212,1.478470337899745,0.29321086041644795,1.4702923256911062,66.89637838520368,-50048405.42999998,0.0620855048849037,0.17935311498001866,-0.559814371751525,103029020.17,103029020.17,461111886.43,461111886.43,99812734.73,99812734.73,1634418531.33,1634418531.33,1116769908.0,1116769908.0,517648623.33,517648623.33,11.638975204019742,3.8374169165528875,15.64389492634039,0.8613947825828676,1592519755.4,116096813.59,-0.09578614809188703,0.1383205558656538,0.081569740308583,0.04559882383330152,-0.1555999093904398,-0.12578334918275288,1118820905.87,457529712.15999985,661291193.71,438881164.72,438881164.72,0.0790553255115335,0.11369993207228508,0.36456607091209375,2.617732414809839
2019-09-30,1061490884.85,951040526.86,116585332.78,116490616.68,828673983.2,101690116.74,101690116.74,33044621.06,42658657.76,48882768.71,-4891607.2,1828673.53,6839027.21,14800499.94,101690116.74,0.95,0.95,601686394.48,531169360.3,29828429.52,130675068.49,819814.46,88377799.45,9891209.19,1392448075.89,0.0,0.0,0.0,0.0,0.0,87675023.57,150839227.08,38372556.83,0.0,769559.75,284495225.13,1676943301.02,43500000.0,495719720.58,0.0,0.0,0.0,2727938.7,498447659.28,1178495641.74,0.0,1178495641.74,34784292.46,88637033.37,7275.86,-115431295.18,68500000.0,-80649666.79,118319290.21000001,0.21933009974258938,0.10983168526828636,0.09579933110247092,0.11146519663870669,0.08628807196084216,0.06064016396866073,2.8089422673377076,2.610707247506292,1.4773700390880666,0.2972358451098612,1.4612194229203315,64.70224907230981,-53845465.050000004,0.032769280411593354,0.07016927311122871,-1.547982185117587,103029020.17,96366915.92,461111886.43,570443973.79,99812734.73,86500894.63,1634418531.33,1787503575.1,1116769908.0,1092180943.6,517648623.33,695322631.5,8.658771770464258,2.139496011535189,11.323308726658341,0.6411204444527184,1261747341.97,92026394.15,-0.15871359539171623,0.10501033621124432,0.07902966870626153,-0.061851777876200754,0.013573604585504363,-0.08290310417978144,1075256906.54,454947659.28,620309247.26,438881164.72,434920561.0999999,0.061418909734689296,0.08860858540008072,0.27706589252500935,2.004343832504487
2019-06-30,655404235.62,586249328.21,75301441.72,75257764.52,514238375.8,65892466.61,65892466.61,19961288.86,25211476.12,28296301.54,-3109288.88,1410881.01,4813658.14,9365297.91,65892466.61,0.62,0.62,652260217.93,470807685.96,18059679.23,100767123.28,1307662.38,90827678.62,12338794.26,1346368841.66,0.0,0.0,0.0,0.0,0.0,91351786.58,99986651.7,38672831.3,0.0,769559.75,237496103.58,1583864945.24,58500000.0,436767969.97,0.0,0.0,0.0,2975933.16,439743903.13,1144121042.11,0.0,1144121042.11,-3982725.45,41233981.48,7275.86,-41226705.62,45000000.0,-47816420.7,76668645.53,0.21538746951560322,0.11489312645159556,0.10053713880513294,0.11697917310142635,0.05759221636941528,0.04160232651655501,3.082572290620297,2.846367990000253,1.7240901187459388,0.27763977253967603,1.4010980451427255,54.34097204979745,-45209431.07,-0.006076746584087021,-0.009118629853451844,11.351380263984804,103029020.17,103787586.36,461111886.43,566439585.83,99812734.73,86396289.49,1634418531.33,1236370890.86,1116769908.0,581969749.62,517648623.33,654401141.24,5.305345433092938,1.406568238370938,6.856965205977425,0.4073005006498187,808847219.82,59696826.82,-0.1897057694457392,0.1037850773656917,0.9659458981451515,0.2810597183651653,0.05735775366340914,-0.12486953589080453,931604727.3100001,381243903.1300001,550360824.18,438881164.72,325484346.92999995,0.04094882696923097,0.0582889383557346,0.19509518859210992,1.325063519288713
2019-03-31,307621946.65,279032964.97,30085767.56,30031534.36,240549494.67,26323691.6,26323691.6,9974642.45,13409960.98,13176626.78,-950577.1,727824.83,2214490.98,3707842.76,26323691.6,0.25,0.25,617008120.32,464107208.45,9825097.32,101668493.14,1631603.39,91849367.71,6970924.31,1293060814.64,0.0,0.0,0.0,0.0,0.0,94962562.14,70831229.04,38585972.95,0.0,769559.75,212611324.51,1505672139.15,68500000.0,360213668.6,0.0,0.0,0.0,3223927.62,363437596.22,1142234542.93,0.0,1142234542.93,-109949761.36,18257901.16,2275.86,-18255625.3,15000000.0,27931447.5,30759359.189999998,0.21803532781200544,0.0978011090809148,0.08557156563978854,0.09999078259847557,0.02304578491600845,0.017483016996555814,3.589705020538468,3.31536703551954,1.9951397631666663,0.2413789740608285,1.3330404360470702,42.262036031389584,-128205386.66,-0.357418456509205,-0.3052348396087488,1.1660360611445715,103029020.17,91849367.71,461111886.43,464107208.45,99812734.73,94962562.14,1634418531.33,1114714500.0,1116769908.0,554002500.0,517648623.33,560712000.0,2.4687139224296417,0.6649710287051485,3.158736776104804,0.19593188791773095,371190071.38,24334823.6,-0.17125491663521128,0.08172929595429654,1.0617858997567702,0.35072445828057325,0.0,0.0,888664018.83,294937596.22,593726422.61,438881164.72,554002500.0,0.016766198407879806,0.0233055686005071,0.0676222747151734,0.5958157782772331
2018-12-31,1592519755.4,1471022296.51,131785028.28,130506494.13,1298263884.87,116096813.59,116096813.59,41873317.09,52271566.49,66595286.04,-43873.45,4663162.48,3434175.42,14409680.54,116096813.59,1.3,1.3,746388743.28,461111886.43,15037571.64,100805479.45,1061997.6,103029020.17,6308190.44,1433742889.01,0.0,0.0,0.0,0.0,0.0,99812734.73,53993992.02,38857304.95,0.0,769559.75,200675642.32,1634418531.33,68500000.0,514176701.25,0.0,0.0,0.0,3471922.08,517648623.33,1116769908.0,0.0,1116769908.0,89992834.92,70637512.9,138310.34,-168755272.77,111000000.0,474435481.26,135169656.60999998,0.18477376467841097,0.08275252337255871,0.0729013333720557,0.08487785231653144,0.10395768435229005,0.07103248731249198,2.788424457048461,2.575779250946758,1.6476713563069094,0.31671729939868337,1.9848469563808075,28.986692440963363,19493632.36,0.05650971337394563,0.17502316752435698,0.2166131601180144,94305662.12,94305662.12,482633813.16,482633813.16,91070489.48,91070489.48,1118571681.96,1118571681.96,530126368.89,530126368.89,588445313.07,588445313.07,13.15798996713706,3.3748916812905274,16.68580109112146,1.1569381886736436,1426122040.87,111489634.05,0.11667845370967689,0.04132383767565166,1.1066107508259548,0.4611656612530322,0.09599427103024284,0.09250089394314298,888029788.05,449148623.3299999,438881164.72,242944296.76,242944296.76,0.08434233658335956,0.14098861624635803,0.42952597239640794,4.6713414073543325
2018-09-30,1261747341.97,1163833125.38,102749512.95,102690831.6,1031787731.14,92026394.15,92026394.15,32607051.76,35584007.0,55791294.53,204403.44,3710094.42,2100578.9,10664437.45,92026394.15,1.1,1.1,778260382.5,570443973.79,33637480.33,120000000.0,2729312.73,96366915.92,4656913.66,1606094978.93,0.0,0.0,0.0,0.0,0.0,86500894.63,47529456.12,38656194.29,0.0,769559.75,181408596.17,1787503575.1,121000000.0,691602714.96,0.0,0.0,0.0,3719916.54,695322631.5,1092180943.6,0.0,1092180943.6,66710005.08,48291032.56,32000.0,-174819032.56,50000000.0,429769991.14,106400926.02,0.18225488033995613,0.08143430109357269,0.0729356750665444,0.08432823472714701,0.0842592930129934,0.051483194457304336,2.3222797484577415,2.176207693801561,1.2988097979805535,0.38899090395447233,2.2036559427898386,28.678765005662576,18450972.519999996,0.052871127888285366,0.09645711856966652,0.2765847866129408,94305662.12,96366915.92,482633813.16,570443973.79,91070489.48,86500894.63,1118571681.96,1787503575.1,530126368.89,1092180943.6,588445313.07,695322631.5,10.822612687636159,2.396304162153802,14.211156243377438,0.8683514571102172,1049849087.76,86591356.1,0.20183687034687492,0.0627665196018337,0.0,0.0,0.0,0.0,1009243192.5999999,574322631.5,434920561.0999999,242944296.76,434920561.0999999,0.06333379971935117,0.11345124741964359,0.4036192218748629,3.722710588518486
2018-06-30,808847219.82,742290014.08,67981884.64,67898853.29,663402274.01,59696826.82,59696826.82,17340335.33,21666388.82,33937634.05,549740.38,2297093.1,1321891.5,8202026.47,59696826.82,0.74,0.74,377485402.69,566439585.83,20424353.49,0.0,1570104.83,103787586.36,3336795.83,1073043829.03,0.0,0.0,0.0,0.0,0.0,86396289.49,28407115.96,38889220.13,0.0,769559.75,163327061.83,1236370890.86,121000000.0,650433230.24,0.0,0.0,0.0,3967911.0,654401141.24,581969749.62,0.0,581969749.62,8100485.19,30563801.22,32000.0,-37091801.22,35000000.0,14589222.32,70195946.39,0.1798175752429083,0.08404786834172294,0.07380482414625207,0.08678517360252698,0.1025771990021463,0.04828391485218148,1.6497370969716032,1.4850401269990314,0.580359958778111,0.5292919350315738,2.2234964591307174,30.55859877425081,-22431316.029999997,0.010014851991211236,0.012453984226806868,-2.769132404277625,94305662.12,103787586.36,482633813.16,566439585.83,91070489.48,86396289.49,1118571681.96,1236370890.86,530126368.89,581969749.62,588445313.07,654401141.24,6.6978786919835755,1.5420221704195745,9.115477550384032,0.6869358337272918,808847219.82,59696826.82,0.0,0.0,0.0,0.0,0.0,0.0,858885488.1699998,533401141.2399999,325484346.92999995,242944296.76,325484346.92999995,0.05069917840800183,0.10735911370679459,0.40774511087981247,2.8459059155404405
2018-03-31,371190071.38,342613240.48,28908515.35,28809865.35,306161549.75,24334823.6,24334823.6,8419411.72,9562439.59,14844500.28,1562853.55,952975.05,670170.07,4475041.75,24334823.6,0.3,0.3,0.0,0.0,0.0,0.0,0.0,0.0,0.0,0.0,0.0,0.0,0.0,0.0,0.0,0.0,0.0,0.0,0.0,0.0,0.0,1114714500.0,0.0,0.0,0.0,0.0,0.0,0.0,560712000.0,554002500.0,0.0,554002500.0,-112903032.45,11176579.08,32000.0,-11144579.08,15000000.0,55025181.23,29762840.400000002,0.17518928075915066,0.07788062660869333,0.06555892917482593,0.08018221039519875,0.04392547614857334,0.02183054369526906,0.0,0.0,0.0,0.5030095149924039,2.056424345827661,31.231500132138823,-124047611.53,-0.3041650118233289,-inf,1.0987092980424193,94305662.12,0.0,482633813.16,0.0,91070489.48,0.0,1118571681.96,1114714500.0,530126368.89,554002500.0,588445313.07,560712000.0,6.492962201154418,1.5381851053893945,8.151709154072726,0.3324160372982134,371190071.38,24334823.6,0.0,0.0,0.0,0.0,0.0,0.0,1114714500.0,560712000.0,554002500.0,242944296.76,554002500.0,0.02179283944580987,0.04489286153760584,inf,0.9315303678716803
2017-12-31,1426122040.87,1319095162.73,128032941.83,127958569.2,1161188666.82,111489634.05,111489634.05,44182271.36,46041153.51,62209430.35,3498600.12,3714303.26,2096739.26,16468935.15,111489634.05,1.38,1.38,368182072.13,482633813.16,23570246.72,0.0,1701576.2,94305662.12,2467747.54,972861117.87,0.0,0.0,0.0,0.0,0.0,91070489.48,6591732.46,39355271.81,0.0,769559.75,145710564.09,1118571681.96,81000000.0,583865413.17,0.0,0.0,0.0,4579899.9,588445313.07,524103838.57,6022530.32,530126368.89,116582769.11,54039590.31,27065775.0,158765089.05,101000000.0,-113356459.39,131672872.46000001,0.18577188098739322,0.08977698833677238,0.07817678351144913,0.09232931592563672,0.2103076560470695,0.0996714254866921,1.666242075529038,1.5004959849452768,0.6305940784041596,0.5260684876617883,2.2618961386356773,35.45022127783934,89608953.8,0.08174810133281382,0.1996740455596321,0.7686294851638903,80196960.9,80196960.9,469088037.95,469088037.95,71032878.64,71032878.64,1053199802.67,1053199802.67,458930257.41,458930257.41,594269545.26,594269545.26,13.30855257902816,2.99693033044624,17.595217883619625,1.3133260575183996,1173866784.59,98757538.75,0.21489257519805022,0.1289227684402979,0.15513492590747757,0.06206977928050667,0.2820892412589968,0.17592563435904462,750389609.83,507445313.07000005,242944296.76,401956152.79,401956152.79,0.10267160687856093,0.2254464124406625,0.860571466347298,4.422766465320725
2017-09-30,1049849087.76,966957390.01,99552360.99,99461318.96,848731430.23,86591356.1,86591356.1,32551770.39,33354126.67,45077478.85,2635624.1,2893252.1,1515601.35,12869962.86,86591356.1,1.07,1.07,0.0,0.0,0.0,0.0,0.0,0.0,0.0,0.0,0.0,0.0,0.0,0.0,0.0,0.0,0.0,0.0,0.0,0.0,0.0,0.0,0.0,0.0,0.0,0.0,0.0,0.0,0.0,0.0,0.0,0.0,11325614.2,48954490.93,27065775.0,167665722.77,82500000.0,-113590227.78,102354571.05999999,0.19156815953339795,0.09482540124162883,0.0824798126793202,0.09749455636370347,inf,inf,0.0,0.0,0.0,0.0,0.0,35.37699706845456,-10563101.73,0.010787849731969366,inf,-0.932673631951899,80196960.9,0.0,469088037.95,0.0,71032878.64,0.0,1053199802.67,0.0,458930257.41,0.0,594269545.26,0.0,21.16617439626693,4.476128158577786,29.559525331381106,1.9936370764568974,1049849087.76,86591356.1,0.0,0.0,0.0,0.0,0.0,0.0,0.0,0.0,0.0,401956152.79,0.0,0.16443481261671247,0.37736172196918727,inf,5.223699552664832
2016-12-31,1173866784.59,1070175561.42,106629904.28,113116949.29,913312167.84,98757538.75,98757538.75,43032960.26,97902867.44,0.0,2169232.55,0.0,0.0,14359410.54,98757538.75,1.22,1.22,157974104.62,469088037.95,32742942.54,0.0,5670114.92,80196960.9,187960573.55,949502237.29,0.0,0.0,0.0,0.0,0.0,71032878.64,5648048.96,18487337.49,0.0,0.0,103697565.38,1053199802.67,101000000.0,588465667.56,0.0,0.0,0.0,5803877.7,594269545.26,454194173.87,4736083.54,458930257.41,194304360.16,18882644.34,0.0,-134632668.01,101000000.0,-100303698.7,113116949.29,0.22196267938614908,0.09083646089981408,0.08413010747594614,0.09636267996926816,0.21519073357103102,0.09376904410695545,1.6135218919856336,1.157832547249717,0.26845084314777456,0.5642514779754502,2.5668160167216985,inf,175421715.82,0.16552505165896256,0.330188099104675,0.9028192454124494,54239308.55,54239308.55,482355658.53,482355658.53,76877976.0,76877976.0,940086506.99,940086506.99,361697162.56,361697162.56,578389344.43,578389344.43,13.587288186090024,2.4675486083577733,15.872625270769648,1.1778205458002966,1130583857.72,29378002.26,0.03828369437123108,2.361615193435552,0.26882459945720627,0.1203222201775556,-0.07603084347590003,0.478576387567168,895225698.05,493269545.25999993,401956152.79,286286424.91,286286424.91,0.09909016910555647,0.24068788428641663,0.3818860280247894,3.411200709240863
2015-12-31,1130583857.72,1099623090.11,31611471.06,37877801.82,914147601.69,29378002.26,29378002.26,38690812.06,135568990.13,0.0,6047047.23,0.0,0.0,8499799.56,29378002.26,0.0,0.0,176410737.65,482355658.53,33218157.25,0.0,3076208.88,54239308.55,71012329.92,820312400.78,0.0,0.0,0.0,0.0,0.0,76877976.0,1408296.41,31344375.08,0.0,0.0,119774106.21,940086506.99,101000000.0,571361488.93,0.0,0.0,0.0,7027855.5,578389344.43,357772832.4,3924330.16,361697162.56,131279070.12,6203949.52,0.0,-63785160.57,133700000.0,-23089431.11,37877801.82,0.19143759620491813,0.02796030638872688,0.025984806044591295,0.03350286806357428,0.08122265060657378,0.031250317967080984,1.435715246255423,1.2164991441961799,0.30875503699132384,0.6152511924481354,2.4742382705097006,inf,125075120.60000001,0.11611617238613761,0.2297653458686005,0.9527422801339995,53811391.46,53811391.46,727436568.16,727436568.16,82011190.73,82011190.73,1151293984.64,1151293984.64,398202575.63,398202575.63,753091409.01,753091409.01,16.92071595288872,1.8690545909908602,14.231100596571174,1.081184282099557,1485684292.06,47274549.63,-0.23901473296700848,-0.3785662160733312,-0.0916754820388704,-0.18345225499987555,-0.06259163760833257,0.007952165487452275,763675769.34,477389344.43,286286424.91,352949361.1400001,352949361.1400001,0.028094363868817668,0.07732073267974868,0.20796917999758582,3.537298387833272
2014-12-31,1485684292.06,1438356479.61,47668175.16,51517057.27,1287324877.59,47274549.63,0.0,38781614.45,86411690.36,0.0,13524355.72,0.0,0.0,4242507.64,47274549.63,0.0,0.0,168953214.49,727436568.16,55840146.38,0.0,1279583.01,53811391.46,22427346.08,1029748249.58,0.0,0.0,0.0,0.0,0.0,82011190.73,4052038.88,24260444.1,0.0,0.0,121545735.06,1151293984.64,123700000.0,743338173.17,0.0,0.0,0.0,9753235.84,753091409.01,394784553.16,3418022.47,398202575.63,113634742.95,20328585.51,0.0,-41788222.8,231100000.0,-84993500.23,51517057.27,0.13351383973708272,0.032084996398464245,0.03182005078915568,0.034675642426405535,0.11871984894926031,0.041062100784607466,1.3853025268278516,1.2827398705675435,0.2272898400595939,0.6541260694986479,2.89122686566888,inf,93306157.44,0.07648646725101864,0.15287085616146873,0.8211058961171346,53811391.46,53811391.46,727436568.16,727436568.16,82011190.73,82011190.73,1151293984.64,1151293984.64,398202575.63,398202575.63,753091409.01,753091409.01,23.922906333818112,2.042355797176838,18.11562884083978,1.2904473678150596,1485684292.06,47274549.63,0.0,0.0,0.0,0.0,0.0,0.0,982340770.1500001,629391409.01,352949361.1400001,352949361.1400001,352949361.1400001,0.041062100784607466,0.11871984894926031,0.22960841528151932,4.20934121331556
